<?xml version="1.0"?>
<opencv_storage>
<image_width>1280</image_width>
<image_height>720</image_height>
<camera_matrix type_id="opencv-matrix">
  <rows>3</rows>
  <cols>3</cols>
  <dt>d</dt>
  <data>
    1.7285074346919087e+03 0. 6.3950000000000000e+02 0.
    1.7119173993684083e+03 3.5950000000000000e+02 0. 0. 1.</data></camera_matrix>
<distortion_coefficients type_id="opencv-matrix">
  <rows>1</rows>
  <cols>5</cols>
  <dt>d</dt>
  <data>
    1.4404506281018653e-01 -1.0116405924500493e+00 0. 0.
    1.1197390538118563e+01</data></distortion_coefficients>
</opencv_storage>
